0.000000 0.000000 0.000000 0.000000 0.000000 0.000000 0.000000 0.000000 0.000000 0.000000 0.000000 0.116978 0.219846 0.296198 0.336824 0.336824 0.296198 0.219846 0.116978 0.000000 0.000000 0.219846 0.413176 0.556670 0.633022 0.633022 0.556670 0.413176 0.219846 0.000000 0.000000 0.296198 0.556670 0.750000 0.852869 0.852869 0.750000 0.556670 0.296198 0.000000 0.000000 0.336824 0.633022 0.852869 0.969846 0.969846 0.852869 0.633022 0.336824 0.000000 0.000000 0.336824 0.633022 0.852869 0.969846 0.969846 0.852869 0.633022 0.336824 0.000000 0.000000 0.296198 0.556670 0.750000 0.852869 0.852869 0.750000 0.556670 0.296198 0.000000 0.000000 0.219846 0.413176 0.556670 0.633022 0.633022 0.556670 0.413176 0.219846 0.000000 0.000000 0.116978 0.219846 0.296198 0.336824 0.336824 0.296198 0.219846 0.116978 0.000000 0.000000 0.000000 0.000000 0.000000 0.000000 0.000000 0.000000 0.000000 0.000000 0.000000 
0.000000 0.000000 0.000000 0.000000 0.000000 0.000000 0.000000 0.000000 0.000000 0.000000 0.000000 0.039600 0.074424 0.100272 0.114025 0.114025 0.100272 0.074424 0.039600 0.000000 0.000000 0.074424 0.139872 0.188449 0.214296 0.214296 0.188449 0.139872 0.074424 0.000000 0.000000 0.100272 0.188449 0.253897 0.288720 0.288720 0.253897 0.188449 0.100272 0.000000 0.000000 0.114025 0.214296 0.288720 0.328321 0.328321 0.288720 0.214296 0.114025 0.000000 0.000000 0.114025 0.214296 0.288720 0.328321 0.328321 0.288720 0.214296 0.114025 0.000000 0.000000 0.100272 0.188449 0.253897 0.288720 0.288720 0.253897 0.188449 0.100272 0.000000 0.000000 0.074424 0.139872 0.188449 0.214296 0.214296 0.188449 0.139872 0.074424 0.000000 0.000000 0.039600 0.074424 0.100272 0.114025 0.114025 0.100272 0.074424 0.039600 0.000000 0.000000 0.000000 0.000000 0.000000 0.000000 0.000000 0.000000 0.000000 0.000000 0.000000 
0.000000 0.000000 0.000000 0.000000 0.000000 0.000000 0.000000 0.000000 0.000000 0.000000 0.000000 0.013406 0.025195 0.033945 0.038601 0.038601 0.033945 0.025195 0.013406 0.000000 0.000000 0.025195 0.047351 0.063795 0.072545 0.072545 0.063795 0.047351 0.025195 0.000000 0.000000 0.033945 0.063795 0.085951 0.097740 0.097740 0.085951 0.063795 0.033945 0.000000 0.000000 0.038601 0.072545 0.097740 0.111146 0.111146 0.097740 0.072545 0.038601 0.000000 0.000000 0.038601 0.072545 0.097740 0.111146 0.111146 0.097740 0.072545 0.038601 0.000000 0.000000 0.033945 0.063795 0.085951 0.097740 0.097740 0.085951 0.063795 0.033945 0.000000 0.000000 0.025195 0.047351 0.063795 0.072545 0.072545 0.063795 0.047351 0.025195 0.000000 0.000000 0.013406 0.025195 0.033945 0.038601 0.038601 0.033945 0.025195 0.013406 0.000000 0.000000 0.000000 0.000000 0.000000 0.000000 0.000000 0.000000 0.000000 0.000000 0.000000 
0.000000 0.000000 0.000000 0.000000 0.000000 0.000000 0.000000 0.000000 0.000000 0.000000 0.000000 0.004538 0.008529 0.011491 0.013067 0.013067 0.011491 0.008529 0.004538 0.000000 0.000000 0.008529 0.016030 0.021597 0.024559 0.024559 0.021597 0.016030 0.008529 0.000000 0.000000 0.011491 0.021597 0.029097 0.033088 0.033088 0.029097 0.021597 0.011491 0.000000 0.000000 0.013067 0.024559 0.033088 0.037626 0.037626 0.033088 0.024559 0.013067 0.000000 0.000000 0.013067 0.024559 0.033088 0.037626 0.037626 0.033088 0.024559 0.013067 0.000000 0.000000 0.011491 0.021597 0.029097 0.033088 0.033088 0.029097 0.021597 0.011491 0.000000 0.000000 0.008529 0.016030 0.021597 0.024559 0.024559 0.021597 0.016030 0.008529 0.000000 0.000000 0.004538 0.008529 0.011491 0.013067 0.013067 0.011491 0.008529 0.004538 0.000000 0.000000 0.000000 0.000000 0.000000 0.000000 0.000000 0.000000 0.000000 0.000000 0.000000 
0.000000 0.000000 0.000000 0.000000 0.000000 0.000000 0.000000 0.000000 0.000000 0.000000 0.000000 0.001536 0.002887 0.003890 0.004424 0.004424 0.003890 0.002887 0.001536 0.000000 0.000000 0.002887 0.005426 0.007311 0.008314 0.008314 0.007311 0.005426 0.002887 0.000000 0.000000 0.003890 0.007311 0.009850 0.011201 0.011201 0.009850 0.007311 0.003890 0.000000 0.000000 0.004424 0.008314 0.011201 0.012738 0.012738 0.011201 0.008314 0.004424 0.000000 0.000000 0.004424 0.008314 0.011201 0.012738 0.012738 0.011201 0.008314 0.004424 0.000000 0.000000 0.003890 0.007311 0.009850 0.011201 0.011201 0.009850 0.007311 0.003890 0.000000 0.000000 0.002887 0.005426 0.007311 0.008314 0.008314 0.007311 0.005426 0.002887 0.000000 0.000000 0.001536 0.002887 0.003890 0.004424 0.004424 0.003890 0.002887 0.001536 0.000000 0.000000 0.000000 0.000000 0.000000 0.000000 0.000000 0.000000 0.000000 0.000000 0.000000 
0.000000 0.000000 0.000000 0.000000 0.000000 0.000000 0.000000 0.000000 0.000000 0.000000 0.000000 0.000520 0.000977 0.001317 0.001498 0.001498 0.001317 0.000977 0.000520 0.000000 0.000000 0.000977 0.001837 0.002475 0.002814 0.002814 0.002475 0.001837 0.000977 0.000000 0.000000 0.001317 0.002475 0.003335 0.003792 0.003792 0.003335 0.002475 0.001317 0.000000 0.000000 0.001498 0.002814 0.003792 0.004312 0.004312 0.003792 0.002814 0.001498 0.000000 0.000000 0.001498 0.002814 0.003792 0.004312 0.004312 0.003792 0.002814 0.001498 0.000000 0.000000 0.001317 0.002475 0.003335 0.003792 0.003792 0.003335 0.002475 0.001317 0.000000 0.000000 0.000977 0.001837 0.002475 0.002814 0.002814 0.002475 0.001837 0.000977 0.000000 0.000000 0.000520 0.000977 0.001317 0.001498 0.001498 0.001317 0.000977 0.000520 0.000000 0.000000 0.000000 0.000000 0.000000 0.000000 0.000000 0.000000 0.000000 0.000000 0.000000 
0.000000 0.000000 0.000000 0.000000 0.000000 0.000000 0.000000 0.000000 0.000000 0.000000 0.000000 0.000176 0.000331 0.000446 0.000507 0.000507 0.000446 0.000331 0.000176 0.000000 0.000000 0.000331 0.000622 0.000838 0.000953 0.000953 0.000838 0.000622 0.000331 0.000000 0.000000 0.000446 0.000838 0.001129 0.001284 0.001284 0.001129 0.000838 0.000446 0.000000 0.000000 0.000507 0.000953 0.001284 0.001460 0.001460 0.001284 0.000953 0.000507 0.000000 0.000000 0.000507 0.000953 0.001284 0.001460 0.001460 0.001284 0.000953 0.000507 0.000000 0.000000 0.000446 0.000838 0.001129 0.001284 0.001284 0.001129 0.000838 0.000446 0.000000 0.000000 0.000331 0.000622 0.000838 0.000953 0.000953 0.000838 0.000622 0.000331 0.000000 0.000000 0.000176 0.000331 0.000446 0.000507 0.000507 0.000446 0.000331 0.000176 0.000000 0.000000 0.000000 0.000000 0.000000 0.000000 0.000000 0.000000 0.000000 0.000000 0.000000 
0.000000 0.000000 0.000000 0.000000 0.000000 0.000000 0.000000 0.000000 0.000000 0.000000 0.000000 0.000060 0.000112 0.000151 0.000172 0.000172 0.000151 0.000112 0.000060 0.000000 0.000000 0.000112 0.000211 0.000284 0.000323 0.000323 0.000284 0.000211 0.000112 0.000000 0.000000 0.000151 0.000284 0.000382 0.000435 0.000435 0.000382 0.000284 0.000151 0.000000 0.000000 0.000172 0.000323 0.000435 0.000494 0.000494 0.000435 0.000323 0.000172 0.000000 0.000000 0.000172 0.000323 0.000435 0.000494 0.000494 0.000435 0.000323 0.000172 0.000000 0.000000 0.000151 0.000284 0.000382 0.000435 0.000435 0.000382 0.000284 0.000151 0.000000 0.000000 0.000112 0.000211 0.000284 0.000323 0.000323 0.000284 0.000211 0.000112 0.000000 0.000000 0.000060 0.000112 0.000151 0.000172 0.000172 0.000151 0.000112 0.000060 0.000000 0.000000 0.000000 0.000000 0.000000 0.000000 0.000000 0.000000 0.000000 0.000000 0.000000 
0.000000 0.000000 0.000000 0.000000 0.000000 0.000000 0.000000 0.000000 0.000000 0.000000 0.000000 0.000020 0.000038 0.000051 0.000058 0.000058 0.000051 0.000038 0.000020 0.000000 0.000000 0.000038 0.000071 0.000096 0.000109 0.000109 0.000096 0.000071 0.000038 0.000000 0.000000 0.000051 0.000096 0.000129 0.000147 0.000147 0.000129 0.000096 0.000051 0.000000 0.000000 0.000058 0.000109 0.000147 0.000167 0.000167 0.000147 0.000109 0.000058 0.000000 0.000000 0.000058 0.000109 0.000147 0.000167 0.000167 0.000147 0.000109 0.000058 0.000000 0.000000 0.000051 0.000096 0.000129 0.000147 0.000147 0.000129 0.000096 0.000051 0.000000 0.000000 0.000038 0.000071 0.000096 0.000109 0.000109 0.000096 0.000071 0.000038 0.000000 0.000000 0.000020 0.000038 0.000051 0.000058 0.000058 0.000051 0.000038 0.000020 0.000000 0.000000 0.000000 0.000000 0.000000 0.000000 0.000000 0.000000 0.000000 0.000000 0.000000 
0.000000 0.000000 0.000000 0.000000 0.000000 0.000000 0.000000 0.000000 0.000000 0.000000 0.000000 0.000007 0.000013 0.000017 0.000020 0.000020 0.000017 0.000013 0.000007 0.000000 0.000000 0.000013 0.000024 0.000033 0.000037 0.000037 0.000033 0.000024 0.000013 0.000000 0.000000 0.000017 0.000033 0.000044 0.000050 0.000050 0.000044 0.000033 0.000017 0.000000 0.000000 0.000020 0.000037 0.000050 0.000057 0.000057 0.000050 0.000037 0.000020 0.000000 0.000000 0.000020 0.000037 0.000050 0.000057 0.000057 0.000050 0.000037 0.000020 0.000000 0.000000 0.000017 0.000033 0.000044 0.000050 0.000050 0.000044 0.000033 0.000017 0.000000 0.000000 0.000013 0.000024 0.000033 0.000037 0.000037 0.000033 0.000024 0.000013 0.000000 0.000000 0.000007 0.000013 0.000017 0.000020 0.000020 0.000017 0.000013 0.000007 0.000000 0.000000 0.000000 0.000000 0.000000 0.000000 0.000000 0.000000 0.000000 0.000000 0.000000 
